3 3
points[25][25] = 
0.500000 0.000000 0.000000
0.482963 0.129410 0.000000
0.433013 0.250000 0.000000
0.353553 0.353553 0.000000
0.250000 0.433013 0.000000
0.129410 0.482963 0.000000
0.000000 0.500000 0.000000
-0.129410 0.482963 0.000000
-0.250000 0.433013 0.000000
-0.353553 0.353553 0.000000
-0.433013 0.250000 0.000000
-0.482963 0.129410 0.000000
-0.500000 0.000000 0.000000
-0.482963 -0.129410 0.000000
-0.433013 -0.250000 0.000000
-0.353553 -0.353553 0.000000
-0.250000 -0.433013 0.000000
-0.129410 -0.482963 0.000000
0.000000 -0.500000 0.000000
0.129410 -0.482963 0.000000
0.250000 -0.433013 0.000000
0.353553 -0.353553 0.000000
0.433013 -0.250000 0.000000
0.482963 -0.129410 0.000000
0.500000 0.000000 0.000000
0.500000 0.000000 0.130526
0.482963 0.129410 0.130526
0.433013 0.250000 0.130526
0.353553 0.353553 0.130526
0.250000 0.433013 0.130526
0.129410 0.482963 0.130526
0.000000 0.500000 0.130526
-0.129410 0.482963 0.130526
-0.250000 0.433013 0.130526
-0.353553 0.353553 0.130526
-0.433013 0.250000 0.130526
-0.482963 0.129410 0.130526
-0.500000 0.000000 0.130526
-0.482963 -0.129410 0.130526
-0.433013 -0.250000 0.130526
-0.353553 -0.353553 0.130526
-0.250000 -0.433013 0.130526
-0.129410 -0.482963 0.130526
0.000000 -0.500000 0.130526
0.129410 -0.482963 0.130526
0.250000 -0.433013 0.130526
0.353553 -0.353553 0.130526
0.433013 -0.250000 0.130526
0.482963 -0.129410 0.130526
0.500000 0.000000 0.130526
0.541667 0.000000 0.258819
0.523210 0.140194 0.258819
0.469097 0.270833 0.258819
0.383016 0.383016 0.258819
0.270833 0.469097 0.258819
0.140194 0.523210 0.258819
0.000000 0.541667 0.258819
-0.140194 0.523210 0.258819
-0.270833 0.469097 0.258819
-0.383016 0.383016 0.258819
-0.469097 0.270833 0.258819
-0.523210 0.140194 0.258819
-0.541667 0.000000 0.258819
-0.523210 -0.140194 0.258819
-0.469097 -0.270833 0.258819
-0.383016 -0.383016 0.258819
-0.270833 -0.469097 0.258819
-0.140194 -0.523210 0.258819
0.000000 -0.541667 0.258819
0.140194 -0.523210 0.258819
0.270833 -0.469097 0.258819
0.383016 -0.383016 0.258819
0.469097 -0.270833 0.258819
0.523210 -0.140194 0.258819
0.541667 0.000000 0.258819
0.541667 0.000000 0.382683
0.523210 0.140194 0.382683
0.469097 0.270833 0.382683
0.383016 0.383016 0.382683
0.270833 0.469097 0.382683
0.140194 0.523210 0.382683
0.000000 0.541667 0.382683
-0.140194 0.523210 0.382683
-0.270833 0.469097 0.382683
-0.383016 0.383016 0.382683
-0.469097 0.270833 0.382683
-0.523210 0.140194 0.382683
-0.541667 0.000000 0.382683
-0.523210 -0.140194 0.382683
-0.469097 -0.270833 0.382683
-0.383016 -0.383016 0.382683
-0.270833 -0.469097 0.382683
-0.140194 -0.523210 0.382683
0.000000 -0.541667 0.382683
0.140194 -0.523210 0.382683
0.270833 -0.469097 0.382683
0.383016 -0.383016 0.382683
0.469097 -0.270833 0.382683
0.523210 -0.140194 0.382683
0.541667 0.000000 0.382683
0.583333 0.000000 0.500000
0.563457 0.150978 0.500000
0.505181 0.291667 0.500000
0.412479 0.412479 0.500000
0.291667 0.505181 0.500000
0.150978 0.563457 0.500000
0.000000 0.583333 0.500000
-0.150978 0.563457 0.500000
-0.291667 0.505181 0.500000
-0.412479 0.412479 0.500000
-0.505181 0.291667 0.500000
-0.563457 0.150978 0.500000
-0.583333 0.000000 0.500000
-0.563457 -0.150978 0.500000
-0.505181 -0.291667 0.500000
-0.412479 -0.412479 0.500000
-0.291667 -0.505181 0.500000
-0.150978 -0.563457 0.500000
0.000000 -0.583333 0.500000
0.150978 -0.563457 0.500000
0.291667 -0.505181 0.500000
0.412479 -0.412479 0.500000
0.505181 -0.291667 0.500000
0.563457 -0.150978 0.500000
0.583333 0.000000 0.500000
0.583333 0.000000 0.608761
0.563457 0.150978 0.608761
0.505181 0.291667 0.608761
0.412479 0.412479 0.608761
0.291667 0.505181 0.608761
0.150978 0.563457 0.608761
0.000000 0.583333 0.608761
-0.150978 0.563457 0.608761
-0.291667 0.505181 0.608761
-0.412479 0.412479 0.608761
-0.505181 0.291667 0.608761
-0.563457 0.150978 0.608761
-0.583333 0.000000 0.608761
-0.563457 -0.150978 0.608761
-0.505181 -0.291667 0.608761
-0.412479 -0.412479 0.608761
-0.291667 -0.505181 0.608761
-0.150978 -0.563457 0.608761
0.000000 -0.583333 0.608761
0.150978 -0.563457 0.608761
0.291667 -0.505181 0.608761
0.412479 -0.412479 0.608761
0.505181 -0.291667 0.608761
0.563457 -0.150978 0.608761
0.583333 0.000000 0.608761
0.625000 0.000000 0.707107
0.603704 0.161762 0.707107
0.541266 0.312500 0.707107
0.441942 0.441942 0.707107
0.312500 0.541266 0.707107
0.161762 0.603704 0.707107
0.000000 0.625000 0.707107
-0.161762 0.603704 0.707107
-0.312500 0.541266 0.707107
-0.441942 0.441942 0.707107
-0.541266 0.312500 0.707107
-0.603704 0.161762 0.707107
-0.625000 0.000000 0.707107
-0.603704 -0.161762 0.707107
-0.541266 -0.312500 0.707107
-0.441942 -0.441942 0.707107
-0.312500 -0.541266 0.707107
-0.161762 -0.603704 0.707107
0.000000 -0.625000 0.707107
0.161762 -0.603704 0.707107
0.312500 -0.541266 0.707107
0.441942 -0.441942 0.707107
0.541266 -0.312500 0.707107
0.603704 -0.161762 0.707107
0.625000 0.000000 0.707107
0.625000 0.000000 0.793353
0.603704 0.161762 0.793353
0.541266 0.312500 0.793353
0.441942 0.441942 0.793353
0.312500 0.541266 0.793353
0.161762 0.603704 0.793353
0.000000 0.625000 0.793353
-0.161762 0.603704 0.793353
-0.312500 0.541266 0.793353
-0.441942 0.441942 0.793353
-0.541266 0.312500 0.793353
-0.603704 0.161762 0.793353
-0.625000 0.000000 0.793353
-0.603704 -0.161762 0.793353
-0.541266 -0.312500 0.793353
-0.441942 -0.441942 0.793353
-0.312500 -0.541266 0.793353
-0.161762 -0.603704 0.793353
0.000000 -0.625000 0.793353
0.161762 -0.603704 0.793353
0.312500 -0.541266 0.793353
0.441942 -0.441942 0.793353
0.541266 -0.312500 0.793353
0.603704 -0.161762 0.793353
0.625000 0.000000 0.793353
0.666667 0.000000 0.866025
0.643951 0.172546 0.866025
0.577350 0.333333 0.866025
0.471405 0.471405 0.866025
0.333333 0.577350 0.866025
0.172546 0.643951 0.866025
0.000000 0.666667 0.866025
-0.172546 0.643951 0.866025
-0.333333 0.577350 0.866025
-0.471405 0.471405 0.866025
-0.577350 0.333333 0.866025
-0.643951 0.172546 0.866025
-0.666667 0.000000 0.866025
-0.643951 -0.172546 0.866025
-0.577350 -0.333333 0.866025
-0.471405 -0.471405 0.866025
-0.333333 -0.577350 0.866025
-0.172546 -0.643951 0.866025
0.000000 -0.666667 0.866025
0.172546 -0.643951 0.866025
0.333333 -0.577350 0.866025
0.471405 -0.471405 0.866025
0.577350 -0.333333 0.866025
0.643951 -0.172546 0.866025
0.666667 0.000000 0.866025
0.666667 0.000000 0.923880
0.643951 0.172546 0.923880
0.577350 0.333333 0.923880
0.471405 0.471405 0.923880
0.333333 0.577350 0.923880
0.172546 0.643951 0.923880
0.000000 0.666667 0.923880
-0.172546 0.643951 0.923880
-0.333333 0.577350 0.923880
-0.471405 0.471405 0.923880
-0.577350 0.333333 0.923880
-0.643951 0.172546 0.923880
-0.666667 0.000000 0.923880
-0.643951 -0.172546 0.923880
-0.577350 -0.333333 0.923880
-0.471405 -0.471405 0.923880
-0.333333 -0.577350 0.923880
-0.172546 -0.643951 0.923880
0.000000 -0.666667 0.923880
0.172546 -0.643951 0.923880
0.333333 -0.577350 0.923880
0.471405 -0.471405 0.923880
0.577350 -0.333333 0.923880
0.643951 -0.172546 0.923880
0.666667 0.000000 0.923880
0.708333 0.000000 0.965926
0.684197 0.183330 0.965926
0.613435 0.354167 0.965926
0.500867 0.500867 0.965926
0.354167 0.613435 0.965926
0.183330 0.684197 0.965926
0.000000 0.708333 0.965926
-0.183330 0.684197 0.965926
-0.354167 0.613435 0.965926
-0.500867 0.500867 0.965926
-0.613435 0.354167 0.965926
-0.684197 0.183330 0.965926
-0.708333 0.000000 0.965926
-0.684197 -0.183330 0.965926
-0.613435 -0.354167 0.965926
-0.500867 -0.500867 0.965926
-0.354167 -0.613435 0.965926
-0.183330 -0.684197 0.965926
0.000000 -0.708333 0.965926
0.183330 -0.684197 0.965926
0.354167 -0.613435 0.965926
0.500867 -0.500867 0.965926
0.613435 -0.354167 0.965926
0.684197 -0.183330 0.965926
0.708333 0.000000 0.965926
0.708333 0.000000 0.991445
0.684197 0.183330 0.991445
0.613435 0.354167 0.991445
0.500867 0.500867 0.991445
0.354167 0.613435 0.991445
0.183330 0.684197 0.991445
0.000000 0.708333 0.991445
-0.183330 0.684197 0.991445
-0.354167 0.613435 0.991445
-0.500867 0.500867 0.991445
-0.613435 0.354167 0.991445
-0.684197 0.183330 0.991445
-0.708333 0.000000 0.991445
-0.684197 -0.183330 0.991445
-0.613435 -0.354167 0.991445
-0.500867 -0.500867 0.991445
-0.354167 -0.613435 0.991445
-0.183330 -0.684197 0.991445
0.000000 -0.708333 0.991445
0.183330 -0.684197 0.991445
0.354167 -0.613435 0.991445
0.500867 -0.500867 0.991445
0.613435 -0.354167 0.991445
0.684197 -0.183330 0.991445
0.708333 0.000000 0.991445
0.750000 0.000000 1.000000
0.724444 0.194114 1.000000
0.649519 0.375000 1.000000
0.530330 0.530330 1.000000
0.375000 0.649519 1.000000
0.194114 0.724444 1.000000
0.000000 0.750000 1.000000
-0.194114 0.724444 1.000000
-0.375000 0.649519 1.000000
-0.530330 0.530330 1.000000
-0.649519 0.375000 1.000000
-0.724444 0.194114 1.000000
-0.750000 0.000000 1.000000
-0.724444 -0.194114 1.000000
-0.649519 -0.375000 1.000000
-0.530330 -0.530330 1.000000
-0.375000 -0.649519 1.000000
-0.194114 -0.724444 1.000000
0.000000 -0.750000 1.000000
0.194114 -0.724444 1.000000
0.375000 -0.649519 1.000000
0.530330 -0.530330 1.000000
0.649519 -0.375000 1.000000
0.724444 -0.194114 1.000000
0.750000 0.000000 1.000000
0.750000 0.000000 0.991445
0.724444 0.194114 0.991445
0.649519 0.375000 0.991445
0.530330 0.530330 0.991445
0.375000 0.649519 0.991445
0.194114 0.724444 0.991445
0.000000 0.750000 0.991445
-0.194114 0.724444 0.991445
-0.375000 0.649519 0.991445
-0.530330 0.530330 0.991445
-0.649519 0.375000 0.991445
-0.724444 0.194114 0.991445
-0.750000 0.000000 0.991445
-0.724444 -0.194114 0.991445
-0.649519 -0.375000 0.991445
-0.530330 -0.530330 0.991445
-0.375000 -0.649519 0.991445
-0.194114 -0.724444 0.991445
0.000000 -0.750000 0.991445
0.194114 -0.724444 0.991445
0.375000 -0.649519 0.991445
0.530330 -0.530330 0.991445
0.649519 -0.375000 0.991445
0.724444 -0.194114 0.991445
0.750000 0.000000 0.991445
0.791667 0.000000 0.965926
0.764691 0.204898 0.965926
0.685603 0.395833 0.965926
0.559793 0.559793 0.965926
0.395833 0.685603 0.965926
0.204898 0.764691 0.965926
0.000000 0.791667 0.965926
-0.204898 0.764691 0.965926
-0.395833 0.685603 0.965926
-0.559793 0.559793 0.965926
-0.685603 0.395833 0.965926
-0.764691 0.204898 0.965926
-0.791667 0.000000 0.965926
-0.764691 -0.204898 0.965926
-0.685603 -0.395833 0.965926
-0.559793 -0.559793 0.965926
-0.395833 -0.685603 0.965926
-0.204898 -0.764691 0.965926
0.000000 -0.791667 0.965926
0.204898 -0.764691 0.965926
0.395833 -0.685603 0.965926
0.559793 -0.559793 0.965926
0.685603 -0.395833 0.965926
0.764691 -0.204898 0.965926
0.791667 0.000000 0.965926
0.791667 0.000000 0.923880
0.764691 0.204898 0.923880
0.685603 0.395833 0.923880
0.559793 0.559793 0.923880
0.395833 0.685603 0.923880
0.204898 0.764691 0.923880
0.000000 0.791667 0.923880
-0.204898 0.764691 0.923880
-0.395833 0.685603 0.923880
-0.559793 0.559793 0.923880
-0.685603 0.395833 0.923880
-0.764691 0.204898 0.923880
-0.791667 0.000000 0.923880
-0.764691 -0.204898 0.923880
-0.685603 -0.395833 0.923880
-0.559793 -0.559793 0.923880
-0.395833 -0.685603 0.923880
-0.204898 -0.764691 0.923880
0.000000 -0.791667 0.923880
0.204898 -0.764691 0.923880
0.395833 -0.685603 0.923880
0.559793 -0.559793 0.923880
0.685603 -0.395833 0.923880
0.764691 -0.204898 0.923880
0.791667 0.000000 0.923880
0.833333 0.000000 0.866025
0.804938 0.215683 0.866025
0.721688 0.416667 0.866025
0.589256 0.589256 0.866025
0.416667 0.721688 0.866025
0.215683 0.804938 0.866025
0.000000 0.833333 0.866025
-0.215683 0.804938 0.866025
-0.416667 0.721688 0.866025
-0.589256 0.589256 0.866025
-0.721688 0.416667 0.866025
-0.804938 0.215683 0.866025
-0.833333 0.000000 0.866025
-0.804938 -0.215683 0.866025
-0.721688 -0.416667 0.866025
-0.589256 -0.589256 0.866025
-0.416667 -0.721688 0.866025
-0.215683 -0.804938 0.866025
0.000000 -0.833333 0.866025
0.215683 -0.804938 0.866025
0.416667 -0.721688 0.866025
0.589256 -0.589256 0.866025
0.721688 -0.416667 0.866025
0.804938 -0.215683 0.866025
0.833333 0.000000 0.866025
0.833333 0.000000 0.793353
0.804938 0.215683 0.793353
0.721688 0.416667 0.793353
0.589256 0.589256 0.793353
0.416667 0.721688 0.793353
0.215683 0.804938 0.793353
0.000000 0.833333 0.793353
-0.215683 0.804938 0.793353
-0.416667 0.721688 0.793353
-0.589256 0.589256 0.793353
-0.721688 0.416667 0.793353
-0.804938 0.215683 0.793353
-0.833333 0.000000 0.793353
-0.804938 -0.215683 0.793353
-0.721688 -0.416667 0.793353
-0.589256 -0.589256 0.793353
-0.416667 -0.721688 0.793353
-0.215683 -0.804938 0.793353
0.000000 -0.833333 0.793353
0.215683 -0.804938 0.793353
0.416667 -0.721688 0.793353
0.589256 -0.589256 0.793353
0.721688 -0.416667 0.793353
0.804938 -0.215683 0.793353
0.833333 0.000000 0.793353
0.875000 0.000000 0.707107
0.845185 0.226467 0.707107
0.757772 0.437500 0.707107
0.618718 0.618718 0.707107
0.437500 0.757772 0.707107
0.226467 0.845185 0.707107
0.000000 0.875000 0.707107
-0.226467 0.845185 0.707107
-0.437500 0.757772 0.707107
-0.618718 0.618718 0.707107
-0.757772 0.437500 0.707107
-0.845185 0.226467 0.707107
-0.875000 0.000000 0.707107
-0.845185 -0.226467 0.707107
-0.757772 -0.437500 0.707107
-0.618718 -0.618718 0.707107
-0.437500 -0.757772 0.707107
-0.226467 -0.845185 0.707107
0.000000 -0.875000 0.707107
0.226467 -0.845185 0.707107
0.437500 -0.757772 0.707107
0.618718 -0.618718 0.707107
0.757772 -0.437500 0.707107
0.845185 -0.226467 0.707107
0.875000 0.000000 0.707107
0.875000 0.000000 0.608761
0.845185 0.226467 0.608761
0.757772 0.437500 0.608761
0.618718 0.618718 0.608761
0.437500 0.757772 0.608761
0.226467 0.845185 0.608761
0.000000 0.875000 0.608761
-0.226467 0.845185 0.608761
-0.437500 0.757772 0.608761
-0.618718 0.618718 0.608761
-0.757772 0.437500 0.608761
-0.845185 0.226467 0.608761
-0.875000 0.000000 0.608761
-0.845185 -0.226467 0.608761
-0.757772 -0.437500 0.608761
-0.618718 -0.618718 0.608761
-0.437500 -0.757772 0.608761
-0.226467 -0.845185 0.608761
0.000000 -0.875000 0.608761
0.226467 -0.845185 0.608761
0.437500 -0.757772 0.608761
0.618718 -0.618718 0.608761
0.757772 -0.437500 0.608761
0.845185 -0.226467 0.608761
0.875000 0.000000 0.608761
0.916667 0.000000 0.500000
0.885432 0.237251 0.500000
0.793857 0.458333 0.500000
0.648181 0.648181 0.500000
0.458333 0.793857 0.500000
0.237251 0.885432 0.500000
0.000000 0.916667 0.500000
-0.237251 0.885432 0.500000
-0.458333 0.793857 0.500000
-0.648181 0.648181 0.500000
-0.793857 0.458333 0.500000
-0.885432 0.237251 0.500000
-0.916667 0.000000 0.500000
-0.885432 -0.237251 0.500000
-0.793857 -0.458333 0.500000
-0.648181 -0.648181 0.500000
-0.458333 -0.793857 0.500000
-0.237251 -0.885432 0.500000
0.000000 -0.916667 0.500000
0.237251 -0.885432 0.500000
0.458333 -0.793857 0.500000
0.648181 -0.648181 0.500000
0.793857 -0.458333 0.500000
0.885432 -0.237251 0.500000
0.916667 0.000000 0.500000
0.916667 0.000000 0.382683
0.885432 0.237251 0.382683
0.793857 0.458333 0.382683
0.648181 0.648181 0.382683
0.458333 0.793857 0.382683
0.237251 0.885432 0.382683
0.000000 0.916667 0.382683
-0.237251 0.885432 0.382683
-0.458333 0.793857 0.382683
-0.648181 0.648181 0.382683
-0.793857 0.458333 0.382683
-0.885432 0.237251 0.382683
-0.916667 0.000000 0.382683
-0.885432 -0.237251 0.382683
-0.793857 -0.458333 0.382683
-0.648181 -0.648181 0.382683
-0.458333 -0.793857 0.382683
-0.237251 -0.885432 0.382683
0.000000 -0.916667 0.382683
0.237251 -0.885432 0.382683
0.458333 -0.793857 0.382683
0.648181 -0.648181 0.382683
0.793857 -0.458333 0.382683
0.885432 -0.237251 0.382683
0.916667 0.000000 0.382683
0.958333 0.000000 0.258819
0.925679 0.248035 0.258819
0.829941 0.479167 0.258819
0.677644 0.677644 0.258819
0.479167 0.829941 0.258819
0.248035 0.925679 0.258819
0.000000 0.958333 0.258819
-0.248035 0.925679 0.258819
-0.479167 0.829941 0.258819
-0.677644 0.677644 0.258819
-0.829941 0.479167 0.258819
-0.925679 0.248035 0.258819
-0.958333 0.000000 0.258819
-0.925679 -0.248035 0.258819
-0.829941 -0.479167 0.258819
-0.677644 -0.677644 0.258819
-0.479167 -0.829941 0.258819
-0.248035 -0.925679 0.258819
0.000000 -0.958333 0.258819
0.248035 -0.925679 0.258819
0.479167 -0.829941 0.258819
0.677644 -0.677644 0.258819
0.829941 -0.479167 0.258819
0.925679 -0.248035 0.258819
0.958333 0.000000 0.258819
0.958333 0.000000 0.130526
0.925679 0.248035 0.130526
0.829941 0.479167 0.130526
0.677644 0.677644 0.130526
0.479167 0.829941 0.130526
0.248035 0.925679 0.130526
0.000000 0.958333 0.130526
-0.248035 0.925679 0.130526
-0.479167 0.829941 0.130526
-0.677644 0.677644 0.130526
-0.829941 0.479167 0.130526
-0.925679 0.248035 0.130526
-0.958333 0.000000 0.130526
-0.925679 -0.248035 0.130526
-0.829941 -0.479167 0.130526
-0.677644 -0.677644 0.130526
-0.479167 -0.829941 0.130526
-0.248035 -0.925679 0.130526
0.000000 -0.958333 0.130526
0.248035 -0.925679 0.130526
0.479167 -0.829941 0.130526
0.677644 -0.677644 0.130526
0.829941 -0.479167 0.130526
0.925679 -0.248035 0.130526
0.958333 0.000000 0.130526
1.000000 0.000000 0.000000
0.965926 0.258819 0.000000
0.866025 0.500000 0.000000
0.707107 0.707107 0.000000
0.500000 0.866025 0.000000
0.258819 0.965926 0.000000
0.000000 1.000000 0.000000
-0.258819 0.965926 0.000000
-0.500000 0.866025 0.000000
-0.707107 0.707107 0.000000
-0.866025 0.500000 0.000000
-0.965926 0.258819 0.000000
-1.000000 0.000000 0.000000
-0.965926 -0.258819 0.000000
-0.866025 -0.500000 0.000000
-0.707107 -0.707107 0.000000
-0.500000 -0.866025 0.000000
-0.258819 -0.965926 0.000000
0.000000 -1.000000 0.000000
0.258819 -0.965926 0.000000
0.500000 -0.866025 0.000000
0.707107 -0.707107 0.000000
0.866025 -0.500000 0.000000
0.965926 -0.258819 0.000000
1.000000 0.000000 0.000000
