3 3
points[25][25] = 
0.000000 0.000000 -0.707107
0.000000 0.000000 -0.707107
0.000000 0.000000 -0.707107
0.000000 0.000000 -0.707107
0.000000 0.000000 -0.707107
0.000000 0.000000 -0.707107
0.000000 0.000000 -0.707107
0.000000 0.000000 -0.707107
0.000000 0.000000 -0.707107
0.000000 0.000000 -0.707107
0.000000 0.000000 -0.707107
0.000000 0.000000 -0.707107
0.000000 0.000000 -0.707107
0.000000 0.000000 -0.707107
0.000000 0.000000 -0.707107
0.000000 0.000000 -0.707107
0.000000 0.000000 -0.707107
0.000000 0.000000 -0.707107
0.000000 0.000000 -0.707107
0.000000 0.000000 -0.707107
0.000000 0.000000 -0.707107
0.000000 0.000000 -0.707107
0.000000 0.000000 -0.707107
0.000000 0.000000 -0.707107
0.000000 0.000000 -0.707107
0.041667 0.000000 -0.608761
0.040247 0.010784 -0.608761
0.036084 0.020833 -0.608761
0.029463 0.029463 -0.608761
0.020833 0.036084 -0.608761
0.010784 0.040247 -0.608761
0.000000 0.041667 -0.608761
-0.010784 0.040247 -0.608761
-0.020833 0.036084 -0.608761
-0.029463 0.029463 -0.608761
-0.036084 0.020833 -0.608761
-0.040247 0.010784 -0.608761
-0.041667 0.000000 -0.608761
-0.040247 -0.010784 -0.608761
-0.036084 -0.020833 -0.608761
-0.029463 -0.029463 -0.608761
-0.020833 -0.036084 -0.608761
-0.010784 -0.040247 -0.608761
0.000000 -0.041667 -0.608761
0.010784 -0.040247 -0.608761
0.020833 -0.036084 -0.608761
0.029463 -0.029463 -0.608761
0.036084 -0.020833 -0.608761
0.040247 -0.010784 -0.608761
0.041667 0.000000 -0.608761
0.083333 0.000000 -0.500000
0.080494 0.021568 -0.500000
0.072169 0.041667 -0.500000
0.058926 0.058926 -0.500000
0.041667 0.072169 -0.500000
0.021568 0.080494 -0.500000
0.000000 0.083333 -0.500000
-0.021568 0.080494 -0.500000
-0.041667 0.072169 -0.500000
-0.058926 0.058926 -0.500000
-0.072169 0.041667 -0.500000
-0.080494 0.021568 -0.500000
-0.083333 0.000000 -0.500000
-0.080494 -0.021568 -0.500000
-0.072169 -0.041667 -0.500000
-0.058926 -0.058926 -0.500000
-0.041667 -0.072169 -0.500000
-0.021568 -0.080494 -0.500000
0.000000 -0.083333 -0.500000
0.021568 -0.080494 -0.500000
0.041667 -0.072169 -0.500000
0.058926 -0.058926 -0.500000
0.072169 -0.041667 -0.500000
0.080494 -0.021568 -0.500000
0.083333 0.000000 -0.500000
0.125000 0.000000 -0.382683
0.120741 0.032352 -0.382683
0.108253 0.062500 -0.382683
0.088388 0.088388 -0.382683
0.062500 0.108253 -0.382683
0.032352 0.120741 -0.382683
0.000000 0.125000 -0.382683
-0.032352 0.120741 -0.382683
-0.062500 0.108253 -0.382683
-0.088388 0.088388 -0.382683
-0.108253 0.062500 -0.382683
-0.120741 0.032352 -0.382683
-0.125000 0.000000 -0.382683
-0.120741 -0.032352 -0.382683
-0.108253 -0.062500 -0.382683
-0.088388 -0.088388 -0.382683
-0.062500 -0.108253 -0.382683
-0.032352 -0.120741 -0.382683
0.000000 -0.125000 -0.382683
0.032352 -0.120741 -0.382683
0.062500 -0.108253 -0.382683
0.088388 -0.088388 -0.382683
0.108253 -0.062500 -0.382683
0.120741 -0.032352 -0.382683
0.125000 0.000000 -0.382683
0.166667 0.000000 -0.258819
0.160988 0.043137 -0.258819
0.144338 0.083333 -0.258819
0.117851 0.117851 -0.258819
0.083333 0.144338 -0.258819
0.043137 0.160988 -0.258819
0.000000 0.166667 -0.258819
-0.043137 0.160988 -0.258819
-0.083333 0.144338 -0.258819
-0.117851 0.117851 -0.258819
-0.144338 0.083333 -0.258819
-0.160988 0.043137 -0.258819
-0.166667 0.000000 -0.258819
-0.160988 -0.043137 -0.258819
-0.144338 -0.083333 -0.258819
-0.117851 -0.117851 -0.258819
-0.083333 -0.144338 -0.258819
-0.043137 -0.160988 -0.258819
0.000000 -0.166667 -0.258819
0.043137 -0.160988 -0.258819
0.083333 -0.144338 -0.258819
0.117851 -0.117851 -0.258819
0.144338 -0.083333 -0.258819
0.160988 -0.043137 -0.258819
0.166667 0.000000 -0.258819
0.208333 0.000000 -0.130526
0.201235 0.053921 -0.130526
0.180422 0.104167 -0.130526
0.147314 0.147314 -0.130526
0.104167 0.180422 -0.130526
0.053921 0.201235 -0.130526
0.000000 0.208333 -0.130526
-0.053921 0.201235 -0.130526
-0.104167 0.180422 -0.130526
-0.147314 0.147314 -0.130526
-0.180422 0.104167 -0.130526
-0.201235 0.053921 -0.130526
-0.208333 0.000000 -0.130526
-0.201235 -0.053921 -0.130526
-0.180422 -0.104167 -0.130526
-0.147314 -0.147314 -0.130526
-0.104167 -0.180422 -0.130526
-0.053921 -0.201235 -0.130526
0.000000 -0.208333 -0.130526
0.053921 -0.201235 -0.130526
0.104167 -0.180422 -0.130526
0.147314 -0.147314 -0.130526
0.180422 -0.104167 -0.130526
0.201235 -0.053921 -0.130526
0.208333 0.000000 -0.130526
0.250000 0.000000 0.000000
0.241481 0.064705 0.000000
0.216506 0.125000 0.000000
0.176777 0.176777 0.000000
0.125000 0.216506 0.000000
0.064705 0.241481 0.000000
0.000000 0.250000 0.000000
-0.064705 0.241481 0.000000
-0.125000 0.216506 0.000000
-0.176777 0.176777 0.000000
-0.216506 0.125000 0.000000
-0.241481 0.064705 0.000000
-0.250000 0.000000 0.000000
-0.241481 -0.064705 0.000000
-0.216506 -0.125000 0.000000
-0.176777 -0.176777 0.000000
-0.125000 -0.216506 0.000000
-0.064705 -0.241481 0.000000
0.000000 -0.250000 0.000000
0.064705 -0.241481 0.000000
0.125000 -0.216506 0.000000
0.176777 -0.176777 0.000000
0.216506 -0.125000 0.000000
0.241481 -0.064705 0.000000
0.250000 0.000000 0.000000
0.291667 0.000000 0.130526
0.281728 0.075489 0.130526
0.252591 0.145833 0.130526
0.206239 0.206239 0.130526
0.145833 0.252591 0.130526
0.075489 0.281728 0.130526
0.000000 0.291667 0.130526
-0.075489 0.281728 0.130526
-0.145833 0.252591 0.130526
-0.206239 0.206239 0.130526
-0.252591 0.145833 0.130526
-0.281728 0.075489 0.130526
-0.291667 0.000000 0.130526
-0.281728 -0.075489 0.130526
-0.252591 -0.145833 0.130526
-0.206239 -0.206239 0.130526
-0.145833 -0.252591 0.130526
-0.075489 -0.281728 0.130526
0.000000 -0.291667 0.130526
0.075489 -0.281728 0.130526
0.145833 -0.252591 0.130526
0.206239 -0.206239 0.130526
0.252591 -0.145833 0.130526
0.281728 -0.075489 0.130526
0.291667 0.000000 0.130526
0.333333 0.000000 0.258819
0.321975 0.086273 0.258819
0.288675 0.166667 0.258819
0.235702 0.235702 0.258819
0.166667 0.288675 0.258819
0.086273 0.321975 0.258819
0.000000 0.333333 0.258819
-0.086273 0.321975 0.258819
-0.166667 0.288675 0.258819
-0.235702 0.235702 0.258819
-0.288675 0.166667 0.258819
-0.321975 0.086273 0.258819
-0.333333 0.000000 0.258819
-0.321975 -0.086273 0.258819
-0.288675 -0.166667 0.258819
-0.235702 -0.235702 0.258819
-0.166667 -0.288675 0.258819
-0.086273 -0.321975 0.258819
0.000000 -0.333333 0.258819
0.086273 -0.321975 0.258819
0.166667 -0.288675 0.258819
0.235702 -0.235702 0.258819
0.288675 -0.166667 0.258819
0.321975 -0.086273 0.258819
0.333333 0.000000 0.258819
0.375000 0.000000 0.382683
0.362222 0.097057 0.382683
0.324760 0.187500 0.382683
0.265165 0.265165 0.382683
0.187500 0.324760 0.382683
0.097057 0.362222 0.382683
0.000000 0.375000 0.382683
-0.097057 0.362222 0.382683
-0.187500 0.324760 0.382683
-0.265165 0.265165 0.382683
-0.324760 0.187500 0.382683
-0.362222 0.097057 0.382683
-0.375000 0.000000 0.382683
-0.362222 -0.097057 0.382683
-0.324760 -0.187500 0.382683
-0.265165 -0.265165 0.382683
-0.187500 -0.324760 0.382683
-0.097057 -0.362222 0.382683
0.000000 -0.375000 0.382683
0.097057 -0.362222 0.382683
0.187500 -0.324760 0.382683
0.265165 -0.265165 0.382683
0.324760 -0.187500 0.382683
0.362222 -0.097057 0.382683
0.375000 0.000000 0.382683
0.416667 0.000000 0.500000
0.402469 0.107841 0.500000
0.360844 0.208333 0.500000
0.294628 0.294628 0.500000
0.208333 0.360844 0.500000
0.107841 0.402469 0.500000
0.000000 0.416667 0.500000
-0.107841 0.402469 0.500000
-0.208333 0.360844 0.500000
-0.294628 0.294628 0.500000
-0.360844 0.208333 0.500000
-0.402469 0.107841 0.500000
-0.416667 0.000000 0.500000
-0.402469 -0.107841 0.500000
-0.360844 -0.208333 0.500000
-0.294628 -0.294628 0.500000
-0.208333 -0.360844 0.500000
-0.107841 -0.402469 0.500000
0.000000 -0.416667 0.500000
0.107841 -0.402469 0.500000
0.208333 -0.360844 0.500000
0.294628 -0.294628 0.500000
0.360844 -0.208333 0.500000
0.402469 -0.107841 0.500000
0.416667 0.000000 0.500000
0.458333 0.000000 0.608761
0.442716 0.118625 0.608761
0.396928 0.229167 0.608761
0.324091 0.324091 0.608761
0.229167 0.396928 0.608761
0.118625 0.442716 0.608761
0.000000 0.458333 0.608761
-0.118625 0.442716 0.608761
-0.229167 0.396928 0.608761
-0.324091 0.324091 0.608761
-0.396928 0.229167 0.608761
-0.442716 0.118625 0.608761
-0.458333 0.000000 0.608761
-0.442716 -0.118625 0.608761
-0.396928 -0.229167 0.608761
-0.324091 -0.324091 0.608761
-0.229167 -0.396928 0.608761
-0.118625 -0.442716 0.608761
0.000000 -0.458333 0.608761
0.118625 -0.442716 0.608761
0.229167 -0.396928 0.608761
0.324091 -0.324091 0.608761
0.396928 -0.229167 0.608761
0.442716 -0.118625 0.608761
0.458333 0.000000 0.608761
0.500000 0.000000 0.707107
0.482963 0.129410 0.707107
0.433013 0.250000 0.707107
0.353553 0.353553 0.707107
0.250000 0.433013 0.707107
0.129410 0.482963 0.707107
0.000000 0.500000 0.707107
-0.129410 0.482963 0.707107
-0.250000 0.433013 0.707107
-0.353553 0.353553 0.707107
-0.433013 0.250000 0.707107
-0.482963 0.129410 0.707107
-0.500000 0.000000 0.707107
-0.482963 -0.129410 0.707107
-0.433013 -0.250000 0.707107
-0.353553 -0.353553 0.707107
-0.250000 -0.433013 0.707107
-0.129410 -0.482963 0.707107
0.000000 -0.500000 0.707107
0.129410 -0.482963 0.707107
0.250000 -0.433013 0.707107
0.353553 -0.353553 0.707107
0.433013 -0.250000 0.707107
0.482963 -0.129410 0.707107
0.500000 0.000000 0.707107
0.541667 0.000000 0.793353
0.523210 0.140194 0.793353
0.469097 0.270833 0.793353
0.383016 0.383016 0.793353
0.270833 0.469097 0.793353
0.140194 0.523210 0.793353
0.000000 0.541667 0.793353
-0.140194 0.523210 0.793353
-0.270833 0.469097 0.793353
-0.383016 0.383016 0.793353
-0.469097 0.270833 0.793353
-0.523210 0.140194 0.793353
-0.541667 0.000000 0.793353
-0.523210 -0.140194 0.793353
-0.469097 -0.270833 0.793353
-0.383016 -0.383016 0.793353
-0.270833 -0.469097 0.793353
-0.140194 -0.523210 0.793353
0.000000 -0.541667 0.793353
0.140194 -0.523210 0.793353
0.270833 -0.469097 0.793353
0.383016 -0.383016 0.793353
0.469097 -0.270833 0.793353
0.523210 -0.140194 0.793353
0.541667 0.000000 0.793353
0.583333 0.000000 0.866025
0.563457 0.150978 0.866025
0.505181 0.291667 0.866025
0.412479 0.412479 0.866025
0.291667 0.505181 0.866025
0.150978 0.563457 0.866025
0.000000 0.583333 0.866025
-0.150978 0.563457 0.866025
-0.291667 0.505181 0.866025
-0.412479 0.412479 0.866025
-0.505181 0.291667 0.866025
-0.563457 0.150978 0.866025
-0.583333 0.000000 0.866025
-0.563457 -0.150978 0.866025
-0.505181 -0.291667 0.866025
-0.412479 -0.412479 0.866025
-0.291667 -0.505181 0.866025
-0.150978 -0.563457 0.866025
0.000000 -0.583333 0.866025
0.150978 -0.563457 0.866025
0.291667 -0.505181 0.866025
0.412479 -0.412479 0.866025
0.505181 -0.291667 0.866025
0.563457 -0.150978 0.866025
0.583333 0.000000 0.866025
0.625000 0.000000 0.923880
0.603704 0.161762 0.923880
0.541266 0.312500 0.923880
0.441942 0.441942 0.923880
0.312500 0.541266 0.923880
0.161762 0.603704 0.923880
0.000000 0.625000 0.923880
-0.161762 0.603704 0.923880
-0.312500 0.541266 0.923880
-0.441942 0.441942 0.923880
-0.541266 0.312500 0.923880
-0.603704 0.161762 0.923880
-0.625000 0.000000 0.923880
-0.603704 -0.161762 0.923880
-0.541266 -0.312500 0.923880
-0.441942 -0.441942 0.923880
-0.312500 -0.541266 0.923880
-0.161762 -0.603704 0.923880
0.000000 -0.625000 0.923880
0.161762 -0.603704 0.923880
0.312500 -0.541266 0.923880
0.441942 -0.441942 0.923880
0.541266 -0.312500 0.923880
0.603704 -0.161762 0.923880
0.625000 0.000000 0.923880
0.666667 0.000000 0.965926
0.643951 0.172546 0.965926
0.577350 0.333333 0.965926
0.471405 0.471405 0.965926
0.333333 0.577350 0.965926
0.172546 0.643951 0.965926
0.000000 0.666667 0.965926
-0.172546 0.643951 0.965926
-0.333333 0.577350 0.965926
-0.471405 0.471405 0.965926
-0.577350 0.333333 0.965926
-0.643951 0.172546 0.965926
-0.666667 0.000000 0.965926
-0.643951 -0.172546 0.965926
-0.577350 -0.333333 0.965926
-0.471405 -0.471405 0.965926
-0.333333 -0.577350 0.965926
-0.172546 -0.643951 0.965926
0.000000 -0.666667 0.965926
0.172546 -0.643951 0.965926
0.333333 -0.577350 0.965926
0.471405 -0.471405 0.965926
0.577350 -0.333333 0.965926
0.643951 -0.172546 0.965926
0.666667 0.000000 0.965926
0.708333 0.000000 0.991445
0.684197 0.183330 0.991445
0.613435 0.354167 0.991445
0.500867 0.500867 0.991445
0.354167 0.613435 0.991445
0.183330 0.684197 0.991445
0.000000 0.708333 0.991445
-0.183330 0.684197 0.991445
-0.354167 0.613435 0.991445
-0.500867 0.500867 0.991445
-0.613435 0.354167 0.991445
-0.684197 0.183330 0.991445
-0.708333 0.000000 0.991445
-0.684197 -0.183330 0.991445
-0.613435 -0.354167 0.991445
-0.500867 -0.500867 0.991445
-0.354167 -0.613435 0.991445
-0.183330 -0.684197 0.991445
0.000000 -0.708333 0.991445
0.183330 -0.684197 0.991445
0.354167 -0.613435 0.991445
0.500867 -0.500867 0.991445
0.613435 -0.354167 0.991445
0.684197 -0.183330 0.991445
0.708333 0.000000 0.991445
0.750000 0.000000 1.000000
0.724444 0.194114 1.000000
0.649519 0.375000 1.000000
0.530330 0.530330 1.000000
0.375000 0.649519 1.000000
0.194114 0.724444 1.000000
0.000000 0.750000 1.000000
-0.194114 0.724444 1.000000
-0.375000 0.649519 1.000000
-0.530330 0.530330 1.000000
-0.649519 0.375000 1.000000
-0.724444 0.194114 1.000000
-0.750000 0.000000 1.000000
-0.724444 -0.194114 1.000000
-0.649519 -0.375000 1.000000
-0.530330 -0.530330 1.000000
-0.375000 -0.649519 1.000000
-0.194114 -0.724444 1.000000
0.000000 -0.750000 1.000000
0.194114 -0.724444 1.000000
0.375000 -0.649519 1.000000
0.530330 -0.530330 1.000000
0.649519 -0.375000 1.000000
0.724444 -0.194114 1.000000
0.750000 0.000000 1.000000
0.791667 0.000000 0.991445
0.764691 0.204898 0.991445
0.685603 0.395833 0.991445
0.559793 0.559793 0.991445
0.395833 0.685603 0.991445
0.204898 0.764691 0.991445
0.000000 0.791667 0.991445
-0.204898 0.764691 0.991445
-0.395833 0.685603 0.991445
-0.559793 0.559793 0.991445
-0.685603 0.395833 0.991445
-0.764691 0.204898 0.991445
-0.791667 0.000000 0.991445
-0.764691 -0.204898 0.991445
-0.685603 -0.395833 0.991445
-0.559793 -0.559793 0.991445
-0.395833 -0.685603 0.991445
-0.204898 -0.764691 0.991445
0.000000 -0.791667 0.991445
0.204898 -0.764691 0.991445
0.395833 -0.685603 0.991445
0.559793 -0.559793 0.991445
0.685603 -0.395833 0.991445
0.764691 -0.204898 0.991445
0.791667 0.000000 0.991445
0.833333 0.000000 0.965926
0.804938 0.215683 0.965926
0.721688 0.416667 0.965926
0.589256 0.589256 0.965926
0.416667 0.721688 0.965926
0.215683 0.804938 0.965926
0.000000 0.833333 0.965926
-0.215683 0.804938 0.965926
-0.416667 0.721688 0.965926
-0.589256 0.589256 0.965926
-0.721688 0.416667 0.965926
-0.804938 0.215683 0.965926
-0.833333 0.000000 0.965926
-0.804938 -0.215683 0.965926
-0.721688 -0.416667 0.965926
-0.589256 -0.589256 0.965926
-0.416667 -0.721688 0.965926
-0.215683 -0.804938 0.965926
0.000000 -0.833333 0.965926
0.215683 -0.804938 0.965926
0.416667 -0.721688 0.965926
0.589256 -0.589256 0.965926
0.721688 -0.416667 0.965926
0.804938 -0.215683 0.965926
0.833333 0.000000 0.965926
0.875000 0.000000 0.923880
0.845185 0.226467 0.923880
0.757772 0.437500 0.923880
0.618718 0.618718 0.923880
0.437500 0.757772 0.923880
0.226467 0.845185 0.923880
0.000000 0.875000 0.923880
-0.226467 0.845185 0.923880
-0.437500 0.757772 0.923880
-0.618718 0.618718 0.923880
-0.757772 0.437500 0.923880
-0.845185 0.226467 0.923880
-0.875000 0.000000 0.923880
-0.845185 -0.226467 0.923880
-0.757772 -0.437500 0.923880
-0.618718 -0.618718 0.923880
-0.437500 -0.757772 0.923880
-0.226467 -0.845185 0.923880
0.000000 -0.875000 0.923880
0.226467 -0.845185 0.923880
0.437500 -0.757772 0.923880
0.618718 -0.618718 0.923880
0.757772 -0.437500 0.923880
0.845185 -0.226467 0.923880
0.875000 0.000000 0.923880
0.916667 0.000000 0.866025
0.885432 0.237251 0.866025
0.793857 0.458333 0.866025
0.648181 0.648181 0.866025
0.458333 0.793857 0.866025
0.237251 0.885432 0.866025
0.000000 0.916667 0.866025
-0.237251 0.885432 0.866025
-0.458333 0.793857 0.866025
-0.648181 0.648181 0.866025
-0.793857 0.458333 0.866025
-0.885432 0.237251 0.866025
-0.916667 0.000000 0.866025
-0.885432 -0.237251 0.866025
-0.793857 -0.458333 0.866025
-0.648181 -0.648181 0.866025
-0.458333 -0.793857 0.866025
-0.237251 -0.885432 0.866025
0.000000 -0.916667 0.866025
0.237251 -0.885432 0.866025
0.458333 -0.793857 0.866025
0.648181 -0.648181 0.866025
0.793857 -0.458333 0.866025
0.885432 -0.237251 0.866025
0.916667 0.000000 0.866025
0.958333 0.000000 0.793353
0.925679 0.248035 0.793353
0.829941 0.479167 0.793353
0.677644 0.677644 0.793353
0.479167 0.829941 0.793353
0.248035 0.925679 0.793353
0.000000 0.958333 0.793353
-0.248035 0.925679 0.793353
-0.479167 0.829941 0.793353
-0.677644 0.677644 0.793353
-0.829941 0.479167 0.793353
-0.925679 0.248035 0.793353
-0.958333 0.000000 0.793353
-0.925679 -0.248035 0.793353
-0.829941 -0.479167 0.793353
-0.677644 -0.677644 0.793353
-0.479167 -0.829941 0.793353
-0.248035 -0.925679 0.793353
0.000000 -0.958333 0.793353
0.248035 -0.925679 0.793353
0.479167 -0.829941 0.793353
0.677644 -0.677644 0.793353
0.829941 -0.479167 0.793353
0.925679 -0.248035 0.793353
0.958333 0.000000 0.793353
1.000000 0.000000 0.707107
0.965926 0.258819 0.707107
0.866025 0.500000 0.707107
0.707107 0.707107 0.707107
0.500000 0.866025 0.707107
0.258819 0.965926 0.707107
0.000000 1.000000 0.707107
-0.258819 0.965926 0.707107
-0.500000 0.866025 0.707107
-0.707107 0.707107 0.707107
-0.866025 0.500000 0.707107
-0.965926 0.258819 0.707107
-1.000000 0.000000 0.707107
-0.965926 -0.258819 0.707107
-0.866025 -0.500000 0.707107
-0.707107 -0.707107 0.707107
-0.500000 -0.866025 0.707107
-0.258819 -0.965926 0.707107
0.000000 -1.000000 0.707107
0.258819 -0.965926 0.707107
0.500000 -0.866025 0.707107
0.707107 -0.707107 0.707107
0.866025 -0.500000 0.707107
0.965926 -0.258819 0.707107
1.000000 0.000000 0.707107
